MAIN MARTIX! 
      1000000000000000                     0                     0                     0                     0                     0                     0                     0                     0                     0                     0                    -1                    -1                     0
                     0      1000000000000000                     0                     0                     0                     0                     0                     0                     0                     0                     0                    -1                     0                    -1
                     0                     0      1000000000000000                     0                     0                     0                3.9375             -0.890625                     0                -8.875                     0                     0                     0                     0
                     0                     0                     0      1000000000000000                    -1                     0                     0                    -1                     0                     0                     0                     0                     0                     0
                     0                     0                     0                    -1                  3.75                 -0.75                     0                  -0.5                  -1.5                     0                     0                     0                     0                     0
                     0                     0                     0                     0                 -0.75                  3.75                     0                     0                  -1.5                     0                  -0.5                     0                    -1                     0
                     0                     0                3.9375                     0                     0                     0     7.645833333333333                     0   -1.4166666666666667    -8.666666666666666                  -0.5                     0                     0                    -1
                     0                     0             -0.890625                    -1                  -0.5                     0                     0      1000000000000000   -0.5357142857142857   -0.6964285714285714                     0                     0                     0                     0
                     0                     0                     0                     0                  -1.5                  -1.5   -1.4166666666666667   -0.5357142857142857     7.428571428571427   -1.8095238095238093   -0.6666666666666666                     0                     0                     0
                     0                     0                -8.875                     0                     0                     0    -8.666666666666666   -0.6964285714285714   -1.8095238095238093    20.047619047619047                     0                     0                     0                     0
                     0                     0                     0                     0                     0                  -0.5                  -0.5                     0   -0.6666666666666666                     0     7.666666666666667                    -2                    -2                    -2
                    -1                    -1                     0                     0                     0                     0                     0                     0                     0                     0                    -2      1000000000000000                     0                     0
                    -1                     0                     0                     0                     0                    -1                     0                     0                     0                     0                    -2                     0                     4                     0
                     0                    -1                     0                     0                     0                     0                    -1                     0                     0                     0                    -2                     0                     0                     4
