-2 0 2,1639920553137914E-16
-2 2 2,1962920510884735E-16
2 2 7,397101607623906E-16
2 0 7,341968843327745E-16
-1,5 0,25 0,02672452663391717
-2 1 5,398665745216912E-16
-0,44598167447206766 1,2139320843865546 0,10001788988874932
0 0 1,0404934431409142E-15
-0,8758112839268192 1,499258646559419 0,071182500264028
-0,4376898649032893 1,7492519228857388 0,047321475504697244
-2 1,5 4,419524717332304E-16
0 2 1,0363192561704846E-15
-2 0,5 4,410767290518575E-16
-1,0176550196850394 0,5896899606299213 0,07343846133376307
-1 0 6,09158162959777E-16
-1,568836122047244 0,7373277559055118 0,0465730813584802
-0,5 0,3100790190511179 0,05422226332010333
0,27400904004653226 1 0,10647215125969611
-1 2 6,030630952989538E-16
-0,010931391074557095 0,5405357769883237 0,08502062776219647
-0,8695484412480591 0,9833850990237942 0,0921970240224553
-0,4008343709348007 0,7338045603262922 0,09742770863508715
-0,028164481875421588 1,4547422003442967 0,08674813562665627
-1,5 1,75 0,027373229477927512
-1,5551051119734334 1,2450700746489556 0,04793675117314539
1 0,2635314369670788 0,044786111565347606
0,5280543721560864 0,5243655843740398 0,07990635330158209
1 1,7364685630329213 0,04565978926370499
0,9528255926488762 1,0569063373272787 0,09177491335248548
0,4564727755872207 1,7030652796177728 0,0521015904524825
1,5107993952297356 0,1727452515290965 0,025852867192500864
0,5912501909653866 1,2928773495169665 0,09075541466717822
1,4974572579481247 1,8778830053314983 0,019942297714579494
2 1 9,905944723434434E-16
1,4579579219997538 0,6888517641215346 0,05293307765225132
1,4944693384789463 1,3607245766917533 0,04999044730700211
1,9753141647229582 1,5 0,0027880273768672503
1,926689636874829 0,5 0,007944699368211077
